202152622191,1,21.40,21.70,21.60,2,50.00,46.00,34.00
202152622192,1,21.40,21.70,21.60,2,50.00,46.00,34.00
202152622193,1,21.30,21.70,21.50,2,50.00,46.00,34.00
202152622194,1,21.30,21.70,21.50,2,50.00,46.00,34.00
202152622195,1,21.30,21.70,21.50,2,50.00,46.00,34.00
202152622196,1,21.30,21.70,21.50,2,50.00,46.00,34.00
202152622197,1,21.30,21.70,21.50,2,50.00,46.00,34.00
202152622198,1,21.30,21.70,21.50,2,50.00,46.00,34.00
202152622199,1,21.30,21.70,21.50,2,50.00,47.00,34.00
2021526221910,1,21.30,21.70,21.50,2,50.00,47.00,34.00
2021526221911,1,21.30,21.60,21.40,2,50.00,46.00,35.00
2021526221912,1,21.30,21.60,21.40,2,50.00,46.00,35.00
2021526221913,1,21.30,21.60,21.40,2,50.00,47.00,35.00
2021526221914,1,21.30,21.60,21.40,2,50.00,47.00,35.00
2021526221915,1,21.20,21.60,21.40,2,50.00,47.00,35.00
2021526221916,1,21.20,21.60,21.40,2,50.00,47.00,35.00
2021526221917,1,21.20,21.60,21.40,2,51.00,47.00,35.00
2021526221918,1,21.20,21.60,21.40,2,51.00,47.00,35.00
2021526221919,1,21.20,21.60,21.40,2,51.00,47.00,35.00
2021526221920,1,21.20,21.60,21.40,2,51.00,47.00,35.00
2021526221921,1,21.20,21.60,21.40,2,51.00,47.00,35.00
2021526221922,1,21.20,21.60,21.40,2,51.00,47.00,35.00
2021526221923,1,21.20,21.50,21.40,2,51.00,47.00,36.00
2021526221924,1,21.20,21.50,21.40,2,51.00,47.00,36.00
2021526221925,1,21.10,21.60,21.30,2,51.00,47.00,36.00
2021526221926,1,21.10,21.60,21.30,2,51.00,47.00,36.00
2021526221928,1,21.10,21.50,21.30,2,51.00,47.00,36.00
2021526221929,1,21.10,21.50,21.30,2,51.00,47.00,36.00
2021526221930,1,21.10,21.50,21.30,2,51.00,47.00,36.00
2021526221931,1,21.10,21.50,21.30,2,51.00,47.00,36.00
2021526221932,1,21.10,21.40,21.30,2,52.00,48.00,36.00
2021526221933,1,21.10,21.40,21.30,2,52.00,48.00,36.00
2021526221934,1,21.10,21.50,21.30,2,52.00,48.00,36.00
2021526221935,1,21.10,21.50,21.30,2,52.00,48.00,36.00
2021526221936,1,21.00,21.40,21.30,2,52.00,48.00,35.00
2021526221937,1,21.00,21.40,21.30,2,52.00,48.00,35.00
2021526221938,1,21.00,21.40,21.20,2,52.00,48.00,35.00
2021526221939,1,21.00,21.40,21.20,2,52.00,48.00,35.00
2021526221940,1,21.00,21.40,21.20,2,52.00,48.00,36.00
2021526221941,1,21.00,21.40,21.20,2,52.00,48.00,36.00
2021526221942,1,21.00,21.30,21.20,2,52.00,48.00,36.00
2021526221943,1,21.00,21.30,21.20,2,52.00,48.00,36.00
2021526221944,1,21.00,21.40,21.20,2,52.00,48.00,36.00
2021526221945,1,21.00,21.40,21.20,2,52.00,48.00,36.00
2021526221946,1,21.00,21.30,21.10,2,52.00,48.00,36.00
2021526221947,1,21.00,21.30,21.10,2,52.00,48.00,36.00
2021526221948,1,21.00,21.30,21.10,2,51.00,48.00,36.00
2021526221949,1,21.00,21.30,21.10,2,51.00,48.00,36.00
2021526221950,1,21.00,21.30,21.10,2,51.00,47.00,35.00
2021526221951,1,21.00,21.30,21.10,2,51.00,47.00,35.00
2021526221952,1,20.90,21.30,21.10,2,50.00,47.00,35.00
2021526221953,1,20.90,21.30,21.10,2,50.00,47.00,35.00
2021526221954,1,20.90,21.30,21.10,2,50.00,47.00,35.00
2021526221955,1,20.90,21.30,21.10,2,50.00,47.00,35.00
2021526221957,1,20.90,21.20,21.00,2,50.00,47.00,35.00
2021526221958,1,20.90,21.20,21.00,2,50.00,47.00,35.00
2021526221959,1,20.90,21.20,21.00,2,50.00,47.00,35.00
202152622200,1,20.90,21.20,21.00,2,50.00,47.00,35.00
202152622201,1,20.90,21.20,21.00,2,50.00,47.00,35.00
202152622202,1,20.90,21.20,21.00,2,50.00,47.00,35.00
202152622203,1,20.80,21.20,21.00,2,50.00,47.00,35.00
202152622204,1,20.80,21.20,21.00,2,50.00,47.00,35.00
202152622205,1,20.80,21.10,20.90,2,50.00,47.00,34.00
202152622206,1,20.80,21.10,20.90,2,50.00,47.00,34.00
202152622207,1,20.80,21.10,20.90,2,50.00,47.00,35.00
202152622208,1,20.80,21.10,20.90,2,50.00,47.00,35.00
202152622209,1,20.80,21.00,21.00,2,50.00,47.00,36.00
2021526222010,1,20.80,21.00,21.00,2,50.00,47.00,36.00
2021526222011,1,20.70,21.00,20.90,2,50.00,47.00,35.00
2021526222012,1,20.70,21.00,20.90,2,50.00,47.00,35.00
2021526222013,1,20.70,21.00,20.90,2,50.00,48.00,36.00
2021526222014,1,20.70,21.00,20.90,2,50.00,48.00,36.00
2021526222015,1,20.70,21.00,20.90,2,50.00,48.00,36.00
2021526222016,1,20.70,21.00,20.90,2,50.00,48.00,36.00
2021526222017,1,20.70,21.00,20.90,2,51.00,48.00,36.00
2021526222018,1,20.70,21.00,20.90,2,51.00,48.00,36.00
2021526222019,1,20.70,20.90,20.90,2,51.00,48.00,36.00
2021526222020,1,20.70,20.90,20.90,2,51.00,48.00,36.00
2021526222021,1,20.70,20.90,20.90,2,51.00,48.00,36.00
2021526222022,1,20.70,20.90,20.90,2,51.00,48.00,36.00
2021526222023,1,20.70,20.90,20.90,2,51.00,48.00,36.00
2021526222024,1,20.70,20.90,20.90,2,51.00,48.00,36.00
2021526222026,1,20.70,20.90,20.90,2,51.00,48.00,37.00
2021526222027,1,20.70,20.90,20.90,2,51.00,48.00,37.00
2021526222028,1,20.70,20.90,20.90,2,52.00,49.00,37.00
2021526222029,1,20.70,20.90,20.90,2,52.00,49.00,37.00
2021526222030,1,20.70,20.90,20.90,2,52.00,49.00,38.00
2021526222031,1,20.70,20.90,20.90,2,52.00,49.00,38.00
2021526222032,1,20.70,20.80,21.00,2,53.00,50.00,39.00
2021526222033,1,20.70,20.80,21.00,2,53.00,50.00,39.00
2021526222034,1,20.70,20.80,21.00,2,54.00,50.00,40.00
2021526222035,1,20.70,20.80,21.00,2,54.00,50.00,40.00
2021526222036,1,20.70,20.80,21.00,2,54.00,51.00,40.00
2021526222037,1,20.70,20.80,21.00,2,54.00,51.00,40.00
2021526222038,1,20.70,20.80,21.00,2,54.00,52.00,41.00
2021526222039,1,20.70,20.80,21.00,2,54.00,52.00,41.00
2021526222040,1,20.70,20.80,21.10,2,55.00,52.00,41.00
2021526222041,1,20.70,20.80,21.10,2,55.00,52.00,41.00
2021526222042,1,20.70,20.80,21.10,2,55.00,51.00,40.00
2021526222043,1,20.70,20.80,21.10,2,55.00,51.00,40.00
2021526222044,1,20.80,20.80,21.10,2,54.00,51.00,40.00
2021526222045,1,20.80,20.80,21.10,2,54.00,51.00,40.00
2021526222046,1,20.80,20.80,21.10,2,54.00,51.00,39.00
2021526222047,1,20.80,20.80,21.10,2,54.00,51.00,39.00
2021526222048,1,20.80,20.90,21.10,2,53.00,50.00,39.00
2021526222049,1,20.80,20.90,21.10,2,53.00,50.00,39.00
2021526222050,1,20.80,20.90,21.20,2,53.00,50.00,38.00
2021526222051,1,20.80,20.90,21.20,2,53.00,50.00,38.00
2021526222052,1,20.80,20.90,21.20,2,52.00,49.00,38.00
2021526222053,1,20.80,20.90,21.20,2,52.00,49.00,38.00
2021526222055,1,20.80,20.90,21.20,2,52.00,49.00,38.00
2021526222056,1,20.80,20.90,21.20,2,52.00,49.00,38.00
2021526222057,1,20.80,20.90,21.20,2,52.00,49.00,37.00
2021526222058,1,20.80,20.90,21.20,2,52.00,49.00,37.00
2021526222059,1,20.90,20.90,21.30,2,51.00,48.00,37.00
202152622210,1,20.90,20.90,21.30,2,51.00,48.00,37.00
202152622211,1,20.80,20.90,21.30,2,51.00,48.00,37.00
202152622212,1,20.80,20.90,21.30,2,51.00,48.00,37.00
202152622213,1,20.90,20.80,21.30,2,51.00,47.00,37.00
202152622214,1,20.90,20.80,21.30,2,51.00,47.00,37.00
202152622215,1,20.80,20.80,21.30,2,50.00,47.00,36.00
202152622216,1,20.80,20.80,21.30,2,50.00,47.00,36.00
202152622217,1,20.80,20.80,21.30,2,50.00,47.00,36.00
202152622218,1,20.80,20.80,21.30,2,50.00,47.00,36.00
202152622219,1,20.80,20.80,21.30,2,50.00,47.00,36.00
2021526222110,1,20.80,20.80,21.30,2,50.00,47.00,36.00
2021526222111,1,20.80,20.80,21.30,2,50.00,47.00,35.00
2021526222112,1,20.80,20.80,21.30,2,50.00,47.00,35.00
2021526222113,1,20.80,20.80,21.30,2,50.00,47.00,35.00
2021526222114,1,20.80,20.80,21.30,2,50.00,47.00,35.00
2021526222115,1,20.80,20.80,21.20,2,50.00,47.00,35.00
2021526222116,1,20.80,20.80,21.20,2,50.00,47.00,35.00
2021526222117,1,20.80,20.70,21.20,2,49.00,47.00,35.00
2021526222118,1,20.80,20.70,21.20,2,49.00,47.00,35.00
2021526222119,1,20.80,20.70,21.20,2,49.00,47.00,35.00
2021526222120,1,20.80,20.70,21.20,2,49.00,47.00,35.00
2021526222121,1,20.70,20.70,21.20,2,49.00,47.00,35.00
2021526222122,1,20.70,20.70,21.20,2,49.00,47.00,35.00
2021526222124,1,20.70,20.70,21.20,2,49.00,47.00,35.00
2021526222125,1,20.70,20.70,21.20,2,49.00,47.00,35.00
2021526222126,1,20.70,20.70,21.20,2,49.00,47.00,35.00
2021526222127,1,20.70,20.70,21.20,2,49.00,47.00,35.00
2021526222128,1,20.70,20.70,21.10,2,49.00,47.00,35.00
2021526222129,1,20.70,20.70,21.10,2,49.00,47.00,35.00
2021526222130,1,20.70,20.60,21.10,2,49.00,47.00,35.00
2021526222131,1,20.70,20.60,21.10,2,49.00,47.00,35.00
2021526222132,1,20.70,20.60,21.10,2,49.00,47.00,35.00
2021526222133,1,20.70,20.60,21.10,2,49.00,47.00,35.00
2021526222134,1,20.60,20.60,21.10,2,49.00,47.00,35.00
2021526222135,1,20.60,20.60,21.10,2,49.00,47.00,35.00
2021526222136,1,20.60,20.60,21.10,2,50.00,47.00,35.00
2021526222137,1,20.60,20.60,21.10,2,50.00,47.00,35.00
2021526222138,1,20.60,20.60,21.10,2,50.00,47.00,35.00
2021526222139,1,20.60,20.60,21.10,2,50.00,47.00,35.00
2021526222140,1,20.60,20.60,21.10,2,50.00,47.00,35.00
2021526222141,1,20.60,20.60,21.10,2,50.00,47.00,35.00
2021526222142,1,20.60,20.50,21.00,2,50.00,47.00,35.00
2021526222143,1,20.60,20.50,21.00,2,50.00,47.00,35.00
2021526222144,1,20.50,20.50,21.00,2,50.00,47.00,35.00
2021526222145,1,20.50,20.50,21.00,2,50.00,47.00,35.00
2021526222146,1,20.50,20.50,21.00,2,50.00,47.00,35.00
2021526222147,1,20.50,20.50,21.00,2,50.00,47.00,35.00
2021526222148,1,20.50,20.40,21.00,2,50.00,48.00,36.00
2021526222149,1,20.50,20.40,21.00,2,50.00,48.00,36.00
2021526222150,1,20.50,20.40,20.90,2,50.00,48.00,35.00
2021526222151,1,20.50,20.40,20.90,2,50.00,48.00,35.00
2021526222153,1,20.50,20.40,20.90,2,50.00,48.00,35.00
2021526222154,1,20.50,20.40,20.90,2,50.00,48.00,35.00
2021526222155,1,20.50,20.30,20.90,2,50.00,48.00,35.00
2021526222156,1,20.50,20.30,20.90,2,50.00,48.00,35.00
2021526222157,1,20.50,20.30,20.90,2,50.00,48.00,35.00
2021526222158,1,20.50,20.30,20.90,2,50.00,48.00,35.00
2021526222159,1,20.50,20.40,20.80,2,50.00,48.00,35.00
202152622220,1,20.50,20.40,20.80,2,50.00,48.00,35.00
202152622221,1,20.40,20.20,20.80,2,50.00,49.00,35.00
202152622222,1,20.40,20.20,20.80,2,50.00,49.00,35.00
202152622223,1,20.40,20.20,20.80,2,51.00,49.00,35.00
202152622224,1,20.40,20.20,20.80,2,51.00,49.00,35.00
202152622225,1,20.40,20.20,20.70,2,51.00,49.00,35.00
202152622226,1,20.40,20.20,20.70,2,51.00,49.00,35.00
202152622227,1,20.40,20.20,20.70,2,51.00,49.00,35.00
202152622228,1,20.40,20.20,20.70,2,51.00,49.00,35.00
202152622229,1,20.30,20.20,20.70,2,51.00,49.00,35.00
2021526222210,1,20.30,20.20,20.70,2,51.00,49.00,35.00
2021526222211,1,20.30,20.20,20.60,2,51.00,49.00,36.00
2021526222212,1,20.30,20.20,20.60,2,51.00,49.00,36.00
2021526222213,1,20.30,20.20,20.60,2,51.00,49.00,35.00
2021526222214,1,20.30,20.20,20.60,2,51.00,49.00,35.00
2021526222215,1,20.30,20.10,20.60,2,51.00,49.00,36.00
2021526222216,1,20.30,20.10,20.60,2,51.00,49.00,36.00
2021526222217,1,20.30,20.10,20.60,2,51.00,50.00,35.00
2021526222218,1,20.30,20.10,20.60,2,51.00,50.00,35.00
2021526222219,1,20.20,20.00,20.60,2,51.00,49.00,36.00
2021526222220,1,20.20,20.00,20.60,2,51.00,49.00,36.00
2021526222222,1,20.20,20.00,20.60,2,51.00,49.00,36.00
2021526222223,1,20.20,20.00,20.60,2,51.00,49.00,36.00
2021526222224,1,20.20,20.00,20.60,2,51.00,49.00,36.00
2021526222225,1,20.20,20.00,20.60,2,51.00,49.00,36.00
2021526222226,1,20.20,20.00,20.60,2,51.00,49.00,36.00
2021526222227,1,20.20,20.00,20.60,2,51.00,49.00,36.00
2021526222228,1,20.20,20.00,20.60,2,51.00,50.00,36.00
2021526222229,1,20.20,20.00,20.60,2,51.00,50.00,36.00
2021526222230,1,20.20,20.00,20.60,2,51.00,50.00,36.00
2021526222231,1,20.20,20.00,20.60,2,51.00,50.00,36.00
2021526222232,1,20.20,20.00,20.60,2,51.00,50.00,36.00
2021526222233,1,20.20,20.00,20.60,2,51.00,50.00,36.00
2021526222234,1,20.10,20.00,20.60,2,52.00,50.00,37.00
2021526222235,1,20.10,20.00,20.60,2,52.00,50.00,37.00
2021526222236,1,20.20,20.00,20.60,2,52.00,51.00,37.00
2021526222237,1,20.20,20.00,20.60,2,52.00,51.00,37.00
2021526222238,1,20.10,20.00,20.60,2,52.00,52.00,38.00
2021526222239,1,20.10,20.00,20.60,2,52.00,52.00,38.00
2021526222240,1,20.10,19.90,20.60,2,52.00,52.00,37.00
2021526222241,1,20.10,19.90,20.60,2,52.00,52.00,37.00
2021526222242,1,20.10,20.00,20.60,2,52.00,51.00,38.00
2021526222243,1,20.10,20.00,20.60,2,52.00,51.00,38.00
2021526222244,1,20.20,20.00,20.60,2,52.00,51.00,37.00
2021526222245,1,20.20,20.00,20.60,2,52.00,51.00,37.00
2021526222246,1,20.10,20.00,20.60,2,52.00,51.00,37.00
2021526222247,1,20.10,20.00,20.60,2,52.00,51.00,37.00
2021526222248,1,20.10,19.90,20.60,2,51.00,50.00,36.00
2021526222249,1,20.10,19.90,20.60,2,51.00,50.00,36.00
2021526222251,1,20.10,20.00,20.60,2,52.00,50.00,37.00
2021526222252,1,20.10,20.00,20.60,2,52.00,50.00,37.00
2021526222253,1,20.10,20.00,20.60,2,52.00,51.00,37.00
2021526222254,1,20.10,20.00,20.60,2,52.00,51.00,37.00
2021526222255,1,20.10,20.00,20.60,2,51.00,50.00,37.00
2021526222256,1,20.10,20.00,20.60,2,51.00,50.00,37.00
2021526222257,1,20.10,20.00,20.60,2,51.00,50.00,37.00
2021526222258,1,20.10,20.00,20.60,2,51.00,50.00,37.00
2021526222259,1,20.10,20.00,20.70,2,51.00,50.00,36.00
202152622230,1,20.10,20.00,20.70,2,51.00,50.00,36.00
202152622231,1,20.10,20.00,20.70,2,51.00,50.00,36.00
202152622232,1,20.10,20.00,20.70,2,51.00,50.00,36.00
202152622233,1,20.10,20.00,20.60,2,51.00,49.00,36.00
202152622234,1,20.10,20.00,20.60,2,51.00,49.00,36.00
202152622235,1,20.10,20.00,20.60,2,51.00,49.00,35.00
202152622236,1,20.10,20.00,20.60,2,51.00,49.00,35.00
202152622237,1,20.10,20.00,20.60,2,51.00,49.00,35.00
202152622238,1,20.10,20.00,20.60,2,51.00,49.00,35.00
202152622239,1,20.10,20.00,20.60,2,51.00,49.00,35.00
2021526222310,1,20.10,20.00,20.60,2,51.00,49.00,35.00
2021526222311,1,20.10,20.00,20.60,2,51.00,49.00,35.00
2021526222312,1,20.10,20.00,20.60,2,51.00,49.00,35.00
2021526222313,1,20.10,19.90,20.60,2,51.00,49.00,35.00
2021526222314,1,20.10,19.90,20.60,2,51.00,49.00,35.00
2021526222315,1,20.10,19.90,20.60,2,51.00,49.00,35.00
2021526222316,1,20.10,19.90,20.60,2,51.00,49.00,35.00
2021526222317,1,20.10,19.90,20.60,2,51.00,49.00,35.00
2021526222318,1,20.10,19.90,20.60,2,51.00,49.00,35.00
2021526222320,1,20.10,19.90,20.60,2,51.00,49.00,35.00
2021526222321,1,20.10,19.90,20.60,2,51.00,49.00,35.00
2021526222322,1,20.10,19.90,20.60,2,51.00,49.00,35.00
2021526222323,1,20.10,19.90,20.60,2,51.00,49.00,35.00
2021526222324,1,20.10,19.90,20.60,2,51.00,49.00,35.00
2021526222325,1,20.10,19.90,20.60,2,51.00,49.00,35.00
2021526222326,1,20.00,19.90,20.60,2,51.00,49.00,35.00
2021526222327,1,20.00,19.90,20.60,2,51.00,49.00,35.00
2021526222328,1,20.00,19.90,20.50,2,51.00,49.00,35.00
2021526222329,1,20.00,19.90,20.50,2,51.00,49.00,35.00
2021526222330,1,20.00,19.80,20.50,2,51.00,49.00,34.00
2021526222331,1,20.00,19.80,20.50,2,51.00,49.00,34.00
2021526222332,1,20.00,19.80,20.50,2,51.00,49.00,34.00
2021526222333,1,20.00,19.80,20.50,2,51.00,49.00,34.00
2021526222334,1,20.00,19.80,20.50,2,51.00,49.00,35.00
2021526222335,1,20.00,19.80,20.50,2,51.00,49.00,35.00
2021526222336,1,20.00,19.80,20.50,2,51.00,49.00,34.00
2021526222337,1,20.00,19.80,20.50,2,51.00,49.00,34.00
2021526222338,1,20.00,19.80,20.40,2,51.00,49.00,34.00
2021526222339,1,20.00,19.80,20.40,2,51.00,49.00,34.00
2021526222340,1,20.00,19.80,20.40,2,51.00,49.00,34.00
2021526222341,1,20.00,19.80,20.40,2,51.00,49.00,34.00
2021526222342,1,20.00,19.80,20.40,2,51.00,49.00,34.00
2021526222343,1,20.00,19.80,20.40,2,51.00,49.00,34.00
2021526222344,1,20.00,19.80,20.40,2,51.00,49.00,34.00
2021526222345,1,20.00,19.80,20.40,2,51.00,49.00,34.00
2021526222347,1,20.00,19.80,20.40,2,51.00,49.00,34.00
2021526222348,1,20.00,19.80,20.40,2,51.00,49.00,34.00
2021526222349,1,19.90,19.70,20.40,2,51.00,49.00,34.00
2021526222350,1,19.90,19.70,20.40,2,51.00,49.00,34.00
2021526222351,1,20.00,19.70,20.40,2,51.00,49.00,34.00
2021526222352,1,20.00,19.70,20.40,2,51.00,49.00,34.00
2021526222353,1,20.00,19.70,20.30,2,51.00,49.00,34.00
2021526222354,1,20.00,19.70,20.30,2,51.00,49.00,34.00
2021526222355,1,19.90,19.70,20.30,2,51.00,49.00,35.00
2021526222356,1,19.90,19.70,20.30,2,51.00,49.00,35.00
2021526222357,1,19.90,19.70,20.30,2,51.00,49.00,34.00
2021526222358,1,19.90,19.70,20.30,2,51.00,49.00,34.00
2021526222359,1,19.90,19.70,20.30,2,51.00,49.00,35.00
202152622240,1,19.90,19.70,20.30,2,51.00,49.00,35.00
202152622241,1,19.90,19.70,20.30,2,51.00,49.00,35.00
202152622242,1,19.90,19.70,20.30,2,51.00,49.00,35.00
202152622243,1,19.90,19.70,20.30,2,51.00,49.00,35.00
202152622244,1,19.90,19.70,20.30,2,51.00,49.00,35.00
202152622245,1,19.90,19.70,20.40,2,51.00,49.00,35.00
202152622246,1,19.90,19.70,20.40,2,51.00,49.00,35.00
202152622247,1,20.00,19.70,20.30,2,51.00,49.00,35.00
202152622248,1,20.00,19.70,20.30,2,51.00,49.00,35.00
202152622249,1,19.90,19.70,20.30,2,51.00,49.00,36.00
2021526222410,1,19.90,19.70,20.30,2,51.00,49.00,36.00
2021526222411,1,19.90,19.70,20.30,2,51.00,49.00,36.00
2021526222412,1,19.90,19.70,20.30,2,51.00,49.00,36.00
2021526222413,1,20.00,19.70,20.30,2,51.00,49.00,36.00
2021526222414,1,20.00,19.70,20.30,2,51.00,49.00,36.00
2021526222416,1,19.90,19.70,20.30,2,51.00,50.00,37.00
2021526222417,1,19.90,19.70,20.30,2,51.00,50.00,37.00
2021526222418,1,20.00,19.70,20.30,2,51.00,50.00,37.00
2021526222419,1,20.00,19.70,20.30,2,51.00,50.00,37.00
2021526222420,1,20.00,19.60,20.30,2,51.00,50.00,37.00
2021526222421,1,20.00,19.60,20.30,2,51.00,50.00,37.00
2021526222422,1,20.00,19.70,20.30,2,51.00,50.00,37.00
2021526222423,1,20.00,19.70,20.30,2,51.00,50.00,37.00
2021526222424,1,20.00,19.70,20.30,2,51.00,50.00,37.00
2021526222425,1,20.00,19.70,20.30,2,51.00,50.00,37.00
2021526222426,1,20.00,19.70,20.30,2,51.00,50.00,37.00
2021526222427,1,20.00,19.70,20.30,2,51.00,50.00,37.00
2021526222428,1,20.00,19.70,20.40,2,51.00,51.00,37.00
2021526222429,1,20.00,19.70,20.40,2,51.00,51.00,37.00
2021526222430,1,20.00,19.70,20.40,2,52.00,51.00,38.00
2021526222431,1,20.00,19.70,20.40,2,52.00,51.00,38.00
2021526222432,1,20.00,19.70,20.40,2,52.00,51.00,38.00
2021526222433,1,20.00,19.70,20.40,2,52.00,51.00,38.00
2021526222434,1,20.00,19.70,20.40,2,52.00,51.00,38.00
2021526222435,1,20.00,19.70,20.40,2,52.00,51.00,38.00
2021526222436,1,20.00,19.70,20.40,2,52.00,51.00,38.00
2021526222437,1,20.00,19.70,20.40,2,52.00,51.00,38.00
2021526222438,1,20.10,19.70,20.40,2,52.00,52.00,38.00
2021526222439,1,20.10,19.70,20.40,2,52.00,52.00,38.00
2021526222440,1,20.10,19.70,20.40,2,52.00,52.00,38.00
2021526222441,1,20.10,19.70,20.40,2,52.00,52.00,38.00
2021526222442,1,20.10,19.70,20.40,2,52.00,51.00,37.00
2021526222443,1,20.10,19.70,20.40,2,52.00,51.00,37.00
2021526222445,1,20.10,19.70,20.50,2,52.00,52.00,37.00
2021526222446,1,20.10,19.70,20.50,2,52.00,52.00,37.00
2021526222447,1,20.10,19.70,20.50,2,52.00,52.00,37.00
2021526222448,1,20.10,19.70,20.50,2,52.00,52.00,37.00
2021526222449,1,20.10,19.70,20.50,2,52.00,51.00,37.00
2021526222450,1,20.10,19.70,20.50,2,52.00,51.00,37.00
2021526222451,1,20.10,19.70,20.50,2,52.00,51.00,37.00
2021526222452,1,20.10,19.70,20.50,2,52.00,51.00,37.00
2021526222453,1,20.10,19.80,20.50,2,52.00,51.00,37.00
2021526222454,1,20.10,19.80,20.50,2,52.00,51.00,37.00
2021526222455,1,20.10,19.80,20.50,2,52.00,51.00,37.00
2021526222456,1,20.10,19.80,20.50,2,52.00,51.00,37.00
2021526222457,1,20.10,19.80,20.50,2,52.00,51.00,37.00
2021526222458,1,20.10,19.80,20.50,2,52.00,51.00,37.00
2021526222459,1,20.10,19.80,20.50,2,52.00,51.00,37.00
202152622250,1,20.10,19.80,20.50,2,52.00,51.00,37.00
202152622251,1,20.10,19.70,20.50,2,52.00,51.00,37.00
202152622252,1,20.10,19.70,20.50,2,52.00,51.00,37.00
202152622253,1,20.00,19.80,20.50,2,52.00,51.00,37.00
202152622254,1,20.00,19.80,20.50,2,52.00,51.00,37.00
202152622255,1,20.10,19.70,20.50,2,52.00,51.00,37.00
202152622256,1,20.10,19.70,20.50,2,52.00,51.00,37.00
202152622257,1,20.10,19.80,20.50,2,52.00,51.00,36.00
202152622258,1,20.10,19.80,20.50,2,52.00,51.00,36.00
202152622259,1,20.10,19.70,20.50,2,52.00,50.00,36.00
2021526222510,1,20.10,19.70,20.50,2,52.00,50.00,36.00
2021526222511,1,20.00,19.70,20.50,2,52.00,50.00,36.00
2021526222512,1,20.00,19.70,20.50,2,52.00,50.00,36.00
2021526222514,1,20.10,19.70,20.40,2,52.00,50.00,36.00
2021526222515,1,20.10,19.70,20.40,2,52.00,50.00,36.00
2021526222516,1,20.00,19.70,20.40,2,52.00,51.00,36.00
2021526222517,1,20.00,19.70,20.40,2,52.00,51.00,36.00
2021526222518,1,20.00,19.70,20.40,2,52.00,51.00,36.00
2021526222519,1,20.00,19.70,20.40,2,52.00,51.00,36.00
2021526222520,1,20.00,19.70,20.40,2,52.00,51.00,36.00
2021526222521,1,20.00,19.70,20.40,2,52.00,51.00,36.00
2021526222522,1,20.00,19.70,20.40,2,52.00,51.00,36.00
2021526222523,1,20.00,19.70,20.40,2,52.00,51.00,36.00
2021526222524,1,20.00,19.70,20.40,2,52.00,51.00,36.00
2021526222525,1,20.00,19.70,20.40,2,52.00,51.00,36.00
2021526222526,1,20.00,19.70,20.40,2,52.00,51.00,36.00
2021526222527,1,20.00,19.70,20.40,2,52.00,51.00,36.00
2021526222528,1,20.00,19.70,20.40,2,52.00,50.00,36.00
2021526222529,1,20.00,19.70,20.40,2,52.00,50.00,36.00
2021526222530,1,20.00,19.70,20.30,2,52.00,51.00,36.00
2021526222531,1,20.00,19.70,20.30,2,52.00,51.00,36.00
2021526222532,1,20.00,19.70,20.30,2,52.00,51.00,36.00
2021526222533,1,20.00,19.70,20.30,2,52.00,51.00,36.00
2021526222534,1,20.00,19.60,20.30,2,52.00,51.00,36.00
2021526222535,1,20.00,19.60,20.30,2,52.00,51.00,36.00
2021526222536,1,20.00,19.60,20.30,2,52.00,51.00,36.00
2021526222537,1,20.00,19.60,20.30,2,52.00,51.00,36.00
2021526222538,1,20.00,19.60,20.30,2,52.00,51.00,36.00
2021526222539,1,20.00,19.60,20.30,2,52.00,51.00,36.00
2021526222540,1,20.00,19.60,20.30,2,52.00,51.00,36.00
2021526222541,1,20.00,19.60,20.30,2,52.00,51.00,36.00
2021526222543,1,20.00,19.60,20.30,2,52.00,51.00,37.00
2021526222544,1,20.00,19.60,20.30,2,52.00,51.00,37.00
2021526222545,1,19.90,19.60,20.30,2,52.00,51.00,37.00
2021526222546,1,19.90,19.60,20.30,2,52.00,51.00,37.00
2021526222547,1,20.00,19.60,20.30,2,52.00,51.00,37.00
2021526222548,1,20.00,19.60,20.30,2,52.00,51.00,37.00
2021526222549,1,20.00,19.60,20.30,2,52.00,51.00,37.00
2021526222550,1,20.00,19.60,20.30,2,52.00,51.00,37.00
2021526222551,1,19.90,19.60,20.30,2,52.00,51.00,37.00
2021526222552,1,19.90,19.60,20.30,2,52.00,51.00,37.00
2021526222553,1,19.90,19.60,20.30,2,52.00,51.00,37.00
2021526222554,1,19.90,19.60,20.30,2,52.00,51.00,37.00
2021526222555,1,19.90,19.60,20.30,2,52.00,51.00,37.00
2021526222556,1,19.90,19.60,20.30,2,52.00,51.00,37.00
2021526222557,1,20.00,19.50,20.30,2,52.00,51.00,37.00
2021526222558,1,20.00,19.50,20.30,2,52.00,51.00,37.00
2021526222559,1,19.90,19.50,20.20,2,52.00,51.00,37.00
202152622260,1,19.90,19.50,20.20,2,52.00,51.00,37.00
202152622261,1,19.90,19.50,20.20,2,52.00,51.00,37.00
202152622262,1,19.90,19.50,20.20,2,52.00,51.00,37.00
202152622263,1,19.90,19.50,20.20,2,52.00,51.00,37.00
202152622264,1,19.90,19.50,20.20,2,52.00,51.00,37.00
202152622265,1,19.90,19.50,20.20,2,52.00,51.00,37.00
202152622266,1,19.90,19.50,20.20,2,52.00,51.00,37.00
202152622267,1,19.90,19.50,20.20,2,52.00,52.00,38.00
202152622268,1,19.90,19.50,20.20,2,52.00,52.00,38.00
202152622269,1,19.90,19.50,20.20,2,53.00,52.00,38.00
2021526222610,1,19.90,19.50,20.20,2,53.00,52.00,38.00
2021526222612,1,20.00,19.50,20.20,2,53.00,52.00,38.00
2021526222613,1,20.00,19.50,20.20,2,53.00,52.00,38.00
2021526222614,1,19.90,19.50,20.20,2,53.00,52.00,38.00
2021526222615,1,19.90,19.50,20.20,2,53.00,52.00,38.00
2021526222616,1,19.90,19.50,20.20,2,53.00,52.00,38.00
2021526222617,1,19.90,19.50,20.20,2,53.00,52.00,38.00
2021526222618,1,19.90,19.50,20.20,2,53.00,52.00,38.00
2021526222619,1,19.90,19.50,20.20,2,53.00,52.00,38.00
2021526222620,1,19.90,19.50,20.20,2,53.00,52.00,38.00
2021526222621,1,19.90,19.50,20.20,2,53.00,52.00,38.00
2021526222622,1,19.90,19.50,20.20,2,53.00,52.00,38.00
2021526222623,1,19.90,19.50,20.20,2,53.00,52.00,38.00
2021526222624,1,19.90,19.50,20.20,2,53.00,52.00,38.00
2021526222625,1,19.90,19.50,20.20,2,53.00,52.00,38.00
2021526222626,1,19.90,19.50,20.20,2,53.00,53.00,38.00
2021526222627,1,19.90,19.50,20.20,2,53.00,53.00,38.00
2021526222628,1,19.90,19.50,20.30,2,53.00,53.00,38.00
2021526222629,1,19.90,19.50,20.30,2,53.00,53.00,38.00
2021526222630,1,19.90,19.50,20.20,2,54.00,53.00,38.00
2021526222631,1,19.90,19.50,20.20,2,54.00,53.00,38.00
2021526222632,1,19.90,19.50,20.30,2,54.00,53.00,38.00
2021526222633,1,19.90,19.50,20.30,2,54.00,53.00,38.00
2021526222634,1,19.90,19.50,20.30,2,54.00,53.00,38.00
2021526222635,1,19.90,19.50,20.30,2,54.00,53.00,38.00
2021526222636,1,19.90,19.50,20.30,2,54.00,53.00,38.00
2021526222637,1,19.90,19.50,20.30,2,54.00,53.00,38.00
2021526222638,1,19.90,19.50,20.30,2,54.00,53.00,39.00
2021526222639,1,19.90,19.50,20.30,2,54.00,53.00,39.00
2021526222641,1,19.90,19.50,20.30,2,54.00,53.00,39.00
2021526222642,1,19.90,19.50,20.30,2,54.00,53.00,39.00
2021526222643,1,19.90,19.50,20.30,2,54.00,53.00,39.00
2021526222644,1,19.90,19.50,20.30,2,54.00,53.00,39.00
2021526222645,1,19.90,19.50,20.30,2,54.00,53.00,39.00
2021526222646,1,19.90,19.50,20.30,2,54.00,53.00,39.00
2021526222647,1,19.90,19.50,20.30,2,54.00,53.00,39.00
2021526222648,1,19.90,19.50,20.30,2,54.00,53.00,39.00
2021526222649,1,19.90,19.50,20.30,2,54.00,53.00,39.00
2021526222650,1,19.90,19.50,20.30,2,54.00,53.00,39.00
2021526222651,1,19.90,19.50,20.30,2,54.00,53.00,38.00
2021526222652,1,19.90,19.50,20.30,2,54.00,53.00,38.00
2021526222653,1,19.90,19.50,20.30,2,54.00,53.00,38.00
2021526222654,1,19.90,19.50,20.30,2,54.00,53.00,38.00
2021526222655,1,19.90,19.50,20.30,2,54.00,53.00,38.00
2021526222656,1,19.90,19.50,20.30,2,54.00,53.00,38.00
2021526222657,1,20.00,19.60,20.30,2,54.00,52.00,38.00
2021526222658,1,20.00,19.60,20.30,2,54.00,52.00,38.00
2021526222659,1,20.00,19.60,20.40,2,54.00,53.00,38.00
202152622270,1,20.00,19.60,20.40,2,54.00,53.00,38.00
202152622271,1,20.00,19.60,20.30,2,53.00,53.00,38.00
202152622272,1,20.00,19.60,20.30,2,53.00,53.00,38.00
202152622273,1,20.00,19.60,20.40,2,54.00,53.00,38.00
202152622274,1,20.00,19.60,20.40,2,54.00,53.00,38.00
202152622275,1,20.00,19.60,20.40,2,53.00,53.00,38.00
202152622276,1,20.00,19.60,20.40,2,53.00,53.00,38.00
202152622277,1,20.00,19.60,20.40,2,53.00,52.00,37.00
202152622278,1,20.00,19.60,20.40,2,53.00,52.00,37.00
2021526222710,1,20.00,19.60,20.40,2,53.00,52.00,37.00
2021526222711,1,20.00,19.60,20.40,2,53.00,52.00,37.00
2021526222712,1,20.00,19.60,20.40,2,53.00,52.00,37.00
2021526222713,1,20.00,19.60,20.40,2,53.00,52.00,37.00
2021526222714,1,20.00,19.60,20.40,2,53.00,51.00,37.00
2021526222715,1,20.00,19.60,20.40,2,53.00,51.00,37.00
2021526222716,1,20.00,19.60,20.40,2,52.00,51.00,36.00
2021526222717,1,20.00,19.60,20.40,2,52.00,51.00,36.00
2021526222718,1,20.00,19.60,20.40,2,52.00,51.00,37.00
2021526222719,1,20.00,19.60,20.40,2,52.00,51.00,37.00
2021526222720,1,20.00,19.60,20.40,2,52.00,51.00,36.00
2021526222721,1,20.00,19.60,20.40,2,52.00,51.00,36.00
2021526222722,1,20.00,19.60,20.40,2,52.00,51.00,36.00
2021526222723,1,20.00,19.60,20.40,2,52.00,51.00,36.00
2021526222724,1,20.00,19.60,20.40,2,52.00,51.00,36.00
2021526222725,1,20.00,19.60,20.40,2,52.00,51.00,36.00
2021526222726,1,20.00,19.60,20.40,2,52.00,51.00,36.00
2021526222727,1,20.00,19.60,20.40,2,52.00,51.00,36.00
2021526222728,1,20.00,19.60,20.40,2,52.00,51.00,36.00
2021526222729,1,20.00,19.60,20.40,2,52.00,51.00,36.00
2021526222730,1,20.00,19.60,20.40,2,52.00,51.00,36.00
2021526222731,1,20.00,19.60,20.40,2,52.00,51.00,36.00
2021526222732,1,19.90,19.60,20.40,2,51.00,50.00,36.00
2021526222733,1,19.90,19.60,20.40,2,51.00,50.00,36.00
2021526222734,1,19.90,19.60,20.40,2,51.00,51.00,36.00
2021526222735,1,19.90,19.60,20.40,2,51.00,51.00,36.00
2021526222736,1,19.90,19.60,20.40,2,51.00,50.00,36.00
2021526222738,1,19.90,19.60,20.40,2,51.00,50.00,36.00
2021526222739,1,19.90,19.60,20.40,2,51.00,50.00,36.00
2021526222740,1,19.90,19.60,20.40,2,51.00,50.00,36.00
2021526222741,1,19.90,19.60,20.30,2,51.00,50.00,36.00
2021526222742,1,19.90,19.60,20.30,2,51.00,50.00,36.00
2021526222743,1,19.90,19.60,20.30,2,51.00,50.00,36.00
2021526222744,1,19.90,19.60,20.30,2,51.00,50.00,36.00
2021526222745,1,19.80,19.60,20.30,2,51.00,50.00,36.00
2021526222746,1,19.80,19.60,20.30,2,51.00,50.00,36.00
2021526222747,1,19.80,19.60,20.30,2,52.00,50.00,36.00
2021526222748,1,19.80,19.60,20.30,2,52.00,50.00,36.00
2021526222749,1,19.80,19.60,20.30,2,52.00,50.00,35.00
2021526222750,1,19.80,19.60,20.30,2,52.00,50.00,35.00
2021526222751,1,19.80,19.50,20.30,2,52.00,50.00,35.00
2021526222752,1,19.80,19.50,20.30,2,52.00,50.00,35.00
2021526222753,1,19.80,19.50,20.30,2,52.00,50.00,36.00
2021526222754,1,19.80,19.50,20.30,2,52.00,50.00,36.00
2021526222755,1,19.80,19.50,20.20,2,52.00,50.00,36.00
2021526222756,1,19.80,19.50,20.20,2,52.00,50.00,36.00
2021526222757,1,19.80,19.50,20.20,2,52.00,51.00,36.00
2021526222758,1,19.80,19.50,20.20,2,52.00,51.00,36.00
2021526222759,1,19.70,19.50,20.20,2,52.00,51.00,36.00
202152622280,1,19.70,19.50,20.20,2,52.00,51.00,36.00
202152622281,1,19.70,19.50,20.20,2,52.00,51.00,36.00
202152622282,1,19.70,19.50,20.20,2,52.00,51.00,36.00
202152622283,1,19.70,19.50,20.10,2,52.00,51.00,36.00
202152622284,1,19.70,19.50,20.10,2,52.00,51.00,36.00
202152622286,1,19.70,19.40,20.20,2,52.00,51.00,36.00
202152622287,1,19.70,19.40,20.20,2,52.00,51.00,36.00
202152622288,1,19.70,19.40,20.10,2,52.00,51.00,36.00
202152622289,1,19.70,19.40,20.10,2,52.00,51.00,36.00
2021526222810,1,19.70,19.40,20.10,2,52.00,51.00,36.00
2021526222811,1,19.70,19.40,20.10,2,52.00,51.00,36.00
2021526222812,1,19.70,19.40,20.10,2,52.00,51.00,36.00
2021526222813,1,19.70,19.40,20.10,2,52.00,51.00,36.00
2021526222814,1,19.70,19.40,20.10,2,52.00,52.00,37.00
2021526222815,1,19.70,19.40,20.10,2,52.00,52.00,37.00
2021526222816,1,19.70,19.40,20.10,2,53.00,52.00,37.00
2021526222817,1,19.70,19.40,20.10,2,53.00,52.00,37.00
2021526222818,1,19.70,19.40,20.00,2,53.00,52.00,37.00
2021526222819,1,19.70,19.40,20.00,2,53.00,52.00,37.00
2021526222820,1,19.70,19.40,20.00,2,53.00,52.00,37.00
2021526222821,1,19.70,19.40,20.00,2,53.00,52.00,37.00
2021526222822,1,19.70,19.40,20.00,2,53.00,52.00,37.00
2021526222823,1,19.70,19.40,20.00,2,53.00,52.00,37.00
2021526222824,1,19.70,19.30,20.00,2,53.00,52.00,37.00
2021526222825,1,19.70,19.30,20.00,2,53.00,52.00,37.00
2021526222826,1,19.60,19.30,20.00,2,53.00,52.00,37.00
2021526222827,1,19.60,19.30,20.00,2,53.00,52.00,37.00
2021526222828,1,19.70,19.30,20.00,2,53.00,52.00,37.00
2021526222829,1,19.70,19.30,20.00,2,53.00,52.00,37.00
2021526222830,1,19.60,19.30,20.00,2,53.00,52.00,38.00
2021526222831,1,19.60,19.30,20.00,2,53.00,52.00,38.00
2021526222832,1,19.60,19.30,20.00,2,53.00,52.00,38.00
2021526222833,1,19.60,19.30,20.00,2,53.00,52.00,38.00
2021526222835,1,19.60,19.30,20.00,2,53.00,52.00,38.00
2021526222836,1,19.60,19.30,20.00,2,53.00,52.00,38.00
2021526222837,1,19.60,19.30,20.00,2,53.00,53.00,38.00
2021526222838,1,19.60,19.30,20.00,2,53.00,53.00,38.00
2021526222839,1,19.60,19.30,20.00,2,53.00,53.00,39.00
2021526222840,1,19.60,19.30,20.00,2,53.00,53.00,39.00
2021526222841,1,19.60,19.30,20.00,2,54.00,53.00,39.00
2021526222842,1,19.60,19.30,20.00,2,54.00,53.00,39.00
2021526222843,1,19.60,19.30,20.00,2,54.00,53.00,39.00
2021526222844,1,19.60,19.30,20.00,2,54.00,53.00,39.00
2021526222845,1,19.70,19.30,20.00,2,54.00,53.00,39.00
2021526222846,1,19.70,19.30,20.00,2,54.00,53.00,39.00
2021526222847,1,19.70,19.30,20.00,2,54.00,53.00,40.00
2021526222848,1,19.70,19.30,20.00,2,54.00,53.00,40.00
2021526222849,1,19.70,19.30,20.00,2,54.00,53.00,40.00
2021526222850,1,19.70,19.30,20.00,2,54.00,53.00,40.00
2021526222851,1,19.70,19.30,20.10,2,54.00,53.00,40.00
2021526222852,1,19.70,19.30,20.10,2,54.00,53.00,40.00
2021526222853,1,19.70,19.30,20.10,2,54.00,53.00,39.00
2021526222854,1,19.70,19.30,20.10,2,54.00,53.00,39.00
2021526222855,1,19.70,19.30,20.10,2,53.00,53.00,38.00
2021526222856,1,19.70,19.30,20.10,2,53.00,53.00,38.00
2021526222857,1,19.70,19.40,20.10,2,53.00,52.00,38.00
2021526222858,1,19.70,19.40,20.10,2,53.00,52.00,38.00
2021526222859,1,19.70,19.40,20.10,2,53.00,52.00,37.00
202152622290,1,19.70,19.40,20.10,2,53.00,52.00,37.00
202152622291,1,19.70,19.40,20.10,2,53.00,52.00,37.00
202152622292,1,19.70,19.40,20.10,2,53.00,52.00,37.00
202152622294,1,19.70,19.40,20.10,2,53.00,51.00,37.00
202152622295,1,19.70,19.40,20.10,2,53.00,51.00,37.00
202152622296,1,19.70,19.40,20.10,2,53.00,51.00,37.00
202152622297,1,19.70,19.40,20.10,2,53.00,51.00,37.00
202152622298,1,19.70,19.40,20.10,2,53.00,51.00,37.00
202152622299,1,19.70,19.40,20.10,2,53.00,51.00,37.00
2021526222910,1,19.70,19.40,20.10,2,52.00,51.00,37.00
2021526222911,1,19.70,19.40,20.10,2,52.00,51.00,37.00
2021526222912,1,19.70,19.40,20.10,2,52.00,51.00,36.00
2021526222913,1,19.70,19.40,20.10,2,52.00,51.00,36.00
2021526222914,1,19.70,19.40,20.10,2,52.00,51.00,36.00
2021526222915,1,19.70,19.40,20.10,2,52.00,51.00,36.00
2021526222916,1,19.70,19.40,20.10,2,52.00,51.00,36.00
2021526222917,1,19.70,19.40,20.10,2,52.00,51.00,36.00
2021526222918,1,19.70,19.30,20.00,2,52.00,51.00,36.00
2021526222919,1,19.70,19.30,20.00,2,52.00,51.00,36.00
2021526222920,1,19.70,19.40,20.00,2,52.00,51.00,36.00
2021526222921,1,19.70,19.40,20.00,2,52.00,51.00,36.00
2021526222922,1,19.70,19.30,20.00,2,52.00,51.00,36.00
2021526222923,1,19.70,19.30,20.00,2,52.00,51.00,36.00
2021526222924,1,19.70,19.40,20.00,2,52.00,51.00,36.00
2021526222925,1,19.70,19.40,20.00,2,52.00,51.00,36.00
2021526222926,1,19.70,19.40,20.00,2,52.00,51.00,36.00
2021526222927,1,19.70,19.40,20.00,2,52.00,51.00,36.00
2021526222928,1,19.70,19.30,20.00,2,52.00,51.00,36.00
2021526222929,1,19.70,19.30,20.00,2,52.00,51.00,36.00
2021526222930,1,19.70,19.30,20.00,2,52.00,51.00,36.00
2021526222931,1,19.70,19.30,20.00,2,52.00,51.00,36.00
2021526222933,1,19.70,19.30,20.00,2,52.00,51.00,36.00
2021526222934,1,19.70,19.30,20.00,2,52.00,51.00,36.00
2021526222935,1,19.70,19.30,20.00,2,52.00,51.00,36.00
2021526222936,1,19.70,19.30,20.00,2,52.00,51.00,36.00
2021526222937,1,19.70,19.30,19.90,2,52.00,51.00,36.00
2021526222939,1,19.70,19.30,19.90,2,52.00,51.00,36.00
2021526222940,1,19.70,19.30,19.90,2,52.00,51.00,36.00
2021526222941,1,19.70,19.30,19.90,2,52.00,51.00,36.00
2021526222942,1,19.70,19.30,19.90,2,52.00,51.00,36.00
2021526222943,1,19.70,19.30,19.90,2,52.00,51.00,37.00
2021526222944,1,19.70,19.30,19.90,2,52.00,51.00,37.00
2021526222945,1,19.70,19.30,19.90,2,52.00,51.00,37.00
2021526222946,1,19.70,19.30,19.90,2,52.00,51.00,37.00
2021526222947,1,19.70,19.30,19.90,2,52.00,51.00,37.00
2021526222948,1,19.70,19.30,19.90,2,52.00,51.00,37.00
2021526222949,1,19.70,19.20,19.90,2,52.00,51.00,37.00
2021526222950,1,19.70,19.20,19.90,2,52.00,51.00,37.00
2021526222951,1,19.70,19.20,19.90,2,52.00,51.00,37.00
2021526222952,1,19.70,19.20,19.90,2,52.00,51.00,37.00
2021526222953,1,19.70,19.20,19.90,2,52.00,51.00,37.00
2021526222954,1,19.70,19.20,19.90,2,52.00,51.00,37.00
2021526222955,1,19.70,19.20,19.90,2,52.00,51.00,37.00
2021526222956,1,19.70,19.20,19.90,2,52.00,51.00,37.00
2021526222957,1,19.70,19.20,19.90,2,52.00,51.00,37.00
2021526222958,1,19.70,19.20,19.90,2,52.00,51.00,37.00
2021526222959,1,19.70,19.20,19.90,2,52.00,51.00,37.00
202152622300,1,19.70,19.20,19.90,2,52.00,51.00,37.00
202152622302,1,19.70,19.20,19.90,2,52.00,51.00,37.00
202152622303,1,19.70,19.20,19.90,2,52.00,51.00,37.00
202152622304,1,19.70,19.20,19.90,2,52.00,51.00,37.00
202152622305,1,19.70,19.20,19.90,2,52.00,51.00,37.00
202152622306,1,19.70,19.20,19.90,2,52.00,51.00,37.00
202152622307,1,19.70,19.20,19.90,2,52.00,51.00,37.00
202152622308,1,19.70,19.20,19.90,2,52.00,51.00,37.00
202152622309,1,19.70,19.20,19.90,2,52.00,51.00,37.00
2021526223010,1,19.70,19.20,19.90,2,52.00,51.00,37.00
2021526223011,1,19.70,19.20,19.90,2,52.00,51.00,37.00
2021526223012,1,19.70,19.30,19.90,2,52.00,52.00,37.00
2021526223013,1,19.70,19.30,19.90,2,52.00,52.00,37.00
2021526223014,1,19.70,19.20,19.90,2,52.00,52.00,37.00
2021526223015,1,19.70,19.20,19.90,2,52.00,52.00,37.00
2021526223016,1,19.70,19.20,19.90,2,52.00,52.00,37.00
2021526223017,1,19.70,19.20,19.90,2,52.00,52.00,37.00
2021526223018,1,19.70,19.20,19.90,2,52.00,52.00,37.00
2021526223019,1,19.70,19.20,19.90,2,52.00,52.00,37.00
2021526223020,1,19.70,19.20,19.90,2,52.00,51.00,37.00
2021526223021,1,19.70,19.20,19.90,2,52.00,51.00,37.00
2021526223022,1,19.70,19.20,19.90,2,52.00,51.00,37.00
2021526224246,1,19.00,18.60,19.10,2,57.00,57.00,45.00
2021526224247,1,19.00,18.60,19.10,2,57.00,57.00,45.00
2021526224248,1,19.00,18.60,19.00,2,57.00,57.00,44.00
2021526224249,1,19.00,18.60,19.00,2,57.00,57.00,44.00
2021526224250,1,19.00,18.60,19.00,2,57.00,57.00,44.00
2021526224251,1,19.00,18.60,19.00,2,57.00,57.00,44.00
2021526224252,1,19.00,18.60,19.10,2,57.00,57.00,44.00
2021526224253,1,19.00,18.60,19.10,2,57.00,57.00,44.00
2021526224254,1,19.00,18.60,19.10,2,57.00,57.00,44.00
2021526224255,1,19.00,18.60,19.10,2,57.00,57.00,44.00
2021526224256,1,19.00,18.60,19.10,2,57.00,57.00,44.00
2021526224257,1,19.00,18.60,19.10,2,57.00,57.00,44.00
2021526224259,1,19.00,18.60,19.10,2,57.00,57.00,44.00
202152622430,1,19.00,18.60,19.10,2,57.00,57.00,44.00
202152622431,1,19.00,18.50,19.10,2,57.00,57.00,43.00
202152622432,1,19.00,18.50,19.10,2,57.00,57.00,43.00
[7mReally kill this window [y/n][27m[K                                                                                [?1l>[24;1H
[?1049l[screen is terminating]
[1m[7m%[27m[1m[0m                                                                                ]7;file://shinui-MacBookAir.local/Users/shindongwon/ArduinoCodes/sketch_may25b[0m[27m[24m[Jshindongwon@shinui-MacBookAir sketch_may25b % [K[?2004h[?2004l
Saving session...
...saving history...truncating history files...
...completed.

Script done on Wed May 26 22:46:06 2021
